1.09974540311
1.11201729107
1.10173274596
1.09121076233
1.09101978691
1.07934782609
1.07920886076
1.07064620355
1.08069192751
1.06845378151
1.06852233677
1.07170556553
1.06090225564
1.04934911243
1.04796680498
1.03668122271
1.05208333333
1.03796068796
1.02989528796
1.02054216867
1.02117021277
1.01297413793
1.00489010989
1.00297709924
1.00756097561
1.00875
0.976802575107
0.957640079103
0.949252279635
0.928581157775
0.907370916754
0.885333333333
0.868287671233
0.849059233449
0.838681055156
0.819888888889
0.818897396631
0.780197368421
0.759054982818
0.728703047484
0.699345738295
0.669702660407
0.6474
0.6297
0.598102189781
0.578356164384
0.55929389313
0.518475750577
0.509467265725
0.454320987654
0.414
0.372
0.333970588235
0.292972972973
0.251818181818
0.225
0.1944
0.162601626016
0.143962264151
0.112857142857
0.0935897435897
0.0750757575758
0.0636290322581
0.04
0.0444444444444
0.00254620689655
0.00203224242424
0.00179119496855
0.000421960784314
0.000374820424555
0.000332198019802
0.000337824907522
