1.00181093394
0.940957290133
0.880512820513
0.861111111111
0.836335135135
0.7904004329
0.770908108108
0.710097402597
0.643081081081
0.493354978355
0.311589189189
0.140411255411
0.0232034632035
0.0202810810811
0.0825621621622
0.190508658009
0.302627027027
0.388241639698
0.473084415584
0.570486486486
0.649664502165
0.719665226782
0.76871559633
0.840194594595
0.880064935065
0.899090909091
0.922510822511
0.938593073593
0.951229773463
0.961113513514
0.951545945946
0.950107991361
0.948909287257
0.958778378378
0.949891891892
0.959232432432
0.962172972973
0.958608414239
0.950151351351
0.960993520518
0.960778378378
0.958691891892
