0.910663058187
0.839558823529
0.78835946924
0.819445783133
0.822101449275
0.831756919374
0.807944711538
0.799819059107
0.801088270859
0.80743373494
0.79015681544
0.769577804584
0.76813253012
0.738173076923
0.730120481928
0.710891566265
0.688471720818
0.689
0.669109506619
0.638375451264
0.60055354994
0.571330108827
0.540072289157
0.507283653846
0.490541516245
0.450832328106
0.400446859903
0.369867629362
0.347268351384
0.279819494585
0.23892641737
0.187698795181
0.149242788462
0.1012755716
0.0607951807229
0.0296497584541
0.0171927710843
0.0197469879518
0.0176746987952
0.0296019300362
0.0507710843373
0.118844765343
0.16943373494
0.200228915663
0.277421686747
0.307728365385
0.368798076923
0.409734939759
0.439191797346
0.516469879518
0.560939759036
0.618146811071
0.647394451146
0.681180722892
0.727776442308
0.749302045728
0.769963855422
0.788807228916
0.818788235294
0.827894117647
