1.03649425287
1.03729587357
1.0166987488
0.99552238806
0.986968973747
0.995615696888
0.984749216301
0.984721189591
0.984223744292
0.98401179941
0.974411764706
0.974911003236
0.967235246564
0.946885113269
0.946949838188
0.936661277284
0.924126213592
0.917443365696
0.905533980583
0.894729183508
0.883443815683
0.865036378335
0.837103559871
0.826305578011
0.756459175424
0.664822006472
0.576071139854
0.485485436893
0.376779935275
0.286925566343
0.184805825243
0.0841309620049
0.0347491909385
0.0168148746968
0.0341632983023
0.152224919094
0.265088996764
0.38683912692
0.475400161681
0.534498381877
0.596529126214
0.658608414239
0.736038803557
0.855650767987
0.806790622474
0.887210994341
0.925869037995
0.983802588997
1.00301535974
