0.959310344828
0.852185430464
0.793612334802
0.697583148559
0.628237885463
0.539692982456
0.447168141593
0.3696
0.271296703297
0.1778
0.0982589285714
0.0485274725275
0.0269094922737
0.0158552631579
0.037268722467
0.069623059867
0.118048780488
0.179379157428
0.238783185841
0.297929515419
0.337872807018
0.426666666667
0.49649122807
0.555077262693
0.608849557522
0.637906458797
0.708359201774
0.765811403509
0.817956043956
0.848207964602
0.884791208791
0.907405764967
0.925951327434
0.917236842105
0.926321585903
0.937384615385
0.937588495575
0.944900662252
0.938340707965
0.938289473684
0.937898230088
0.935968819599
0.945912087912
0.946747787611
0.946913043478
