1.01469721768
0.953426966292
0.825609756098
0.754090909091
0.675220125786
0.596
0.522469512195
0.422637195122
0.344488549618
0.244396946565
0.155480916031
0.0958473282443
0.0334451219512
0.0163358778626
0.0266768292683
0.0357709923664
0.0836073059361
0.135275229358
0.205167682927
0.255259146341
0.306478658537
0.355707762557
0.394357798165
0.474390243902
0.545792682927
0.585618320611
0.625410334347
0.663302891933
0.694085365854
0.736402439024
0.764207317073
0.784534351145
0.825365853659
0.854740853659
0.884427480916
0.902870229008
0.915640243902
0.945960365854
0.964916286149
0.976259541985
0.975419847328
0.983012232416
0.983338414634
0.974320610687
0.975618320611
0.97595129376
0.985122324159
0.984259541985
0.983419847328
0.992987804878
0.996021341463
