#R	F
1	1
1.1	1
1.2	1
1.3	0.99
1.4	0.99
1.5	0.99
1.6	0.98
1.7	0.98
1.8	0.97
1.9	0.97
2	0.96
2.1	0.95
2.2	0.95
2.3	0.94
2.4	0.94
2.5	0.93
2.6	0.93
2.7	0.92
2.8	0.92
2.9	0.91
3	0.91
3.1	0.9
3.2	0.9
3.3	0.89
3.4	0.89
3.5	0.88
3.6	0.88
3.7	0.87
3.8	0.87
3.9	0.86
4	0.86
4.1	0.86
4.2	0.85
4.3	0.85
4.4	0.84
4.5	0.84
4.6	0.84
4.7	0.83
4.8	0.83
4.9	0.83
5	0.82
5.1	0.82
5.2	0.81
5.3	0.81
5.4	0.81
5.5	0.8
5.6	0.8
5.7	0.8
5.8	0.8
5.9	0.79
6	0.79
6.1	0.79
6.2	0.78
6.3	0.78
6.4	0.78
6.5	0.77
6.6	0.77
6.7	0.77
6.8	0.77
6.9	0.76
7	0.76
7.1	0.76
7.2	0.76
7.3	0.75
7.4	0.75
7.5	0.75
7.6	0.75
7.7	0.74
7.8	0.74
7.9	0.74
8	0.74
8.1	0.74
8.2	0.73
8.3	0.73
8.4	0.73
8.5	0.73
8.6	0.73
8.7	0.72
8.8	0.72
8.9	0.72
9	0.72
9.1	0.72
9.2	0.71
9.3	0.71
9.4	0.71
9.5	0.71
9.6	0.71
9.7	0.7
9.8	0.7
9.9	0.7
10	0.7
10.1	0.7
10.2	0.7
10.3	0.69
10.4	0.69
10.5	0.69
10.6	0.69
10.7	0.69
10.8	0.69
10.9	0.68
11	0.68
11.1	0.68
11.2	0.68
11.3	0.68
11.4	0.68
11.5	0.68
11.6	0.67
11.7	0.67
11.8	0.67
11.9	0.67
12	0.67
12.1	0.67
12.2	0.67
12.3	0.66
12.4	0.66
12.5	0.66
12.6	0.66
12.7	0.66
12.8	0.66
12.9	0.66
13	0.66
13.1	0.65
13.2	0.65
13.3	0.65
13.4	0.65
13.5	0.65
13.6	0.65
13.7	0.65
13.8	0.65
13.9	0.64
14	0.64
14.1	0.64
14.2	0.64
14.3	0.64
14.4	0.64
14.5	0.64
14.6	0.64
14.7	0.64
14.8	0.63
14.9	0.63
15	0.63
15.1	0.63
15.2	0.63
15.3	0.63
15.4	0.63
15.5	0.63
15.6	0.63
15.7	0.63
15.8	0.62
15.9	0.62
16	0.62
16.1	0.62
16.2	0.62
16.3	0.62
16.4	0.62
16.5	0.62
16.6	0.62
16.7	0.62
16.8	0.61
16.9	0.61
17	0.61
17.1	0.61
17.2	0.61
17.3	0.61
17.4	0.61
17.5	0.61
17.6	0.61
17.7	0.61
17.8	0.61
17.9	0.61
18	0.6
18.1	0.6
18.2	0.6
18.3	0.6
18.4	0.6
18.5	0.6
18.6	0.6
18.7	0.6
18.8	0.6
18.9	0.6
