0.99
0.945
0.899090909091
0.892258064516
0.88
0.85
0.83671875
0.812962962963
0.78076
0.713333333333
0.635384615385
0.56186440678
0.490340136054
0.412580645161
0.311470588235
0.221467181467
0.071156462585
0.0206140350877
0.0197265625
0.0898523489933
0.199178082192
0.288414634146
0.390967741935
0.449919354839
0.518129496403
0.559759188847
0.609313432836
0.748496240602
0.849177631579
0.88
0.906666666667
0.91961038961
0.929714285714
0.948476190476
0.947578772803
0.948669527897
0.948687258687
0.957604501608
0.948054662379
0.948777429467
0.94867768595
0.952448979592
0.947104316547
0.939234828496
0.957113122172
0.94691318328
0.949008363202
0.959126984127
