0.894019851117
0.893520632133
0.853583815029
0.84416400426
0.837163289631
0.835609756098
0.825532915361
0.813729128015
0.804634703196
0.794408284024
0.785146443515
0.755461165049
0.723920776071
0.695647249191
0.666019417476
0.633605497171
0.584344660194
0.545469255663
0.512918350849
0.434223300971
0.365266990291
0.284082457559
0.216480582524
0.134385113269
0.0144543249798
0.214292643492
0.393904607922
0.533972491909
0.6153802589
0.684644012945
0.723556992724
0.753346806791
0.794045307443
0.801972514147
0.825788197251
0.833265966047
0.853648867314
0.855339805825
0.864061488673
0.873573160873
0.874207119741
0.876798706548
0.875906148867
0.873298302344
0.872629449838
0.874834276475
0.876402586904
0.883524656427
0.883050161812
