1.07417898194
1.07338893766
1.03359961501
1.01569755059
1.02625744934
1.02437077131
1.01549295775
1.00499072356
1.00464692483
1.00533923304
1.00682008368
0.984943457189
0.966176232821
0.945582524272
0.934171382377
0.92484236055
0.894757673667
0.884316895715
0.864874696847
0.835367825384
0.805852869846
0.77497170574
0.735857605178
0.715481002425
0.553867313916
0.396240905416
0.325008090615
0.265898058252
0.193508488278
0.13528698464
0.0843815683104
0.0455860953921
0.0164995957963
0.0136540016168
0.0150767987066
0.013831851253
0.0647899838449
0.155558252427
0.244494745352
0.314184168013
0.444785772029
0.54619240097
0.616822958771
0.68438156831
0.734834276475
0.775917542441
0.804470493129
0.834430072757
0.883783346807
0.926917475728
0.954624090542
0.985949878739
1.00427647534
1.03697655618
1.05511326861
