0.819967186218
0.821616871705
0.801116458133
0.781204690832
0.780035799523
0.791420838972
0.779139280125
0.789925788497
0.781708428246
0.781094674556
0.768661087866
0.78216828479
0.781139854487
0.771471301536
0.751189320388
0.771236863379
0.761107518189
0.751682847896
0.750331447049
0.731406628941
0.74168148747
0.730242522231
0.710873786408
0.710161812298
0.670898058252
0.622012934519
0.571495553759
0.530185933711
0.481390460792
0.431051779935
0.390816491512
0.331245954693
0.278569118836
0.239337105901
0.139029911075
0.0590864995958
0.0202263540825
0.00985436893204
0.0198381877023
0.0598868229588
0.130557350565
0.189951495554
0.311763754045
0.400372168285
0.489417946645
0.55883589329
0.631697655618
0.741519805982
0.799943411479
